x t u
-1.000000 0.000000 0.000109
-0.979798 0.000000 0.063556
-0.959596 0.000000 0.126649
-0.939394 0.000000 0.189207
-0.919192 0.000000 0.251013
-0.898990 0.000000 0.311847
-0.878788 0.000000 0.371492
-0.858586 0.000000 0.429709
-0.838384 0.000000 0.486229
-0.818182 0.000000 0.540775
-0.797980 0.000000 0.593085
-0.777778 0.000000 0.642941
-0.757576 0.000000 0.690166
-0.737374 0.000000 0.734606
-0.717172 0.000000 0.776111
-0.696970 0.000000 0.814521
-0.676768 0.000000 0.849676
-0.656566 0.000000 0.881416
-0.636364 0.000000 0.909599
-0.616162 0.000000 0.934106
-0.595960 0.000000 0.954844
-0.575758 0.000000 0.971740
-0.555556 0.000000 0.984738
-0.535354 0.000000 0.993791
-0.515152 0.000000 0.998859
-0.494949 0.000000 0.999911
-0.474747 0.000000 0.996927
-0.454545 0.000000 0.989908
-0.434343 0.000000 0.978875
-0.414141 0.000000 0.963878
-0.393939 0.000000 0.944993
-0.373737 0.000000 0.922315
-0.353535 0.000000 0.895950
-0.333333 0.000000 0.866006
-0.313131 0.000000 0.832591
-0.292929 0.000000 0.795813
-0.272727 0.000000 0.755795
-0.252525 0.000000 0.712696
-0.232323 0.000000 0.666711
-0.212121 0.000000 0.618070
-0.191919 0.000000 0.567003
-0.171717 0.000000 0.513707
-0.151515 0.000000 0.458355
-0.131313 0.000000 0.401102
-0.111111 0.000000 0.342016
-0.090909 0.000000 0.281491
-0.070707 0.000000 0.220125
-0.050505 0.000000 0.158129
-0.030303 0.000000 0.095282
-0.010101 0.000000 0.031686
0.010101 0.000000 -0.032038
0.030303 0.000000 -0.095200
0.050505 0.000000 -0.157821
0.070707 0.000000 -0.220050
0.090909 0.000000 -0.281619
0.111111 0.000000 -0.342088
0.131313 0.000000 -0.401111
0.151515 0.000000 -0.458432
0.171717 0.000000 -0.513824
0.191919 0.000000 -0.567080
0.212121 0.000000 -0.618028
0.232323 0.000000 -0.666526
0.252525 0.000000 -0.712433
0.272727 0.000000 -0.755576
0.292929 0.000000 -0.795745
0.313131 0.000000 -0.832713
0.333333 0.000000 -0.866267
0.353535 0.000000 -0.896242
0.373737 0.000000 -0.922526
0.393939 0.000000 -0.945050
0.414141 0.000000 -0.963769
0.434343 0.000000 -0.978643
0.454545 0.000000 -0.989631
0.474747 0.000000 -0.996688
0.494949 0.000000 -0.999774
0.515152 0.000000 -0.998858
0.535354 0.000000 -0.993919
0.555556 0.000000 -0.984955
0.575758 0.000000 -0.971987
0.595960 0.000000 -0.955060
0.616162 0.000000 -0.934247
0.636364 0.000000 -0.909651
0.656566 0.000000 -0.881394
0.676768 0.000000 -0.849617
0.696970 0.000000 -0.814468
0.717172 0.000000 -0.776088
0.737374 0.000000 -0.734612
0.757576 0.000000 -0.690172
0.777778 0.000000 -0.642908
0.797980 0.000000 -0.592991
0.818182 0.000000 -0.540634
0.838384 0.000000 -0.486091
0.858586 0.000000 -0.429632
0.878788 0.000000 -0.371519
0.898990 0.000000 -0.311979
0.919192 0.000000 -0.251204
0.939394 0.000000 -0.189379
0.959596 0.000000 -0.126711
0.979798 0.000000 -0.063458
1.000000 0.000000 0.000056
-1.000000 0.250000 0.000006
-0.979798 0.250000 0.035461
-0.959596 0.250000 0.070899
-0.939394 0.250000 0.106287
-0.919192 0.250000 0.141589
-0.898990 0.250000 0.176770
-0.878788 0.250000 0.211809
-0.858586 0.250000 0.246684
-0.838384 0.250000 0.281378
-0.818182 0.250000 0.315872
-0.797980 0.250000 0.350142
-0.777778 0.250000 0.384160
-0.757576 0.250000 0.417892
-0.737374 0.250000 0.451297
-0.717172 0.250000 0.484329
-0.696970 0.250000 0.516942
-0.676768 0.250000 0.549088
-0.656566 0.250000 0.580720
-0.636364 0.250000 0.611793
-0.616162 0.250000 0.642262
-0.595960 0.250000 0.672081
-0.575758 0.250000 0.701202
-0.555556 0.250000 0.729570
-0.535354 0.250000 0.757122
-0.515152 0.250000 0.783788
-0.494949 0.250000 0.809485
-0.474747 0.250000 0.834119
-0.454545 0.250000 0.857581
-0.434343 0.250000 0.879752
-0.414141 0.250000 0.900497
-0.393939 0.250000 0.919667
-0.373737 0.250000 0.937096
-0.353535 0.250000 0.952597
-0.333333 0.250000 0.965958
-0.313131 0.250000 0.976928
-0.292929 0.250000 0.985209
-0.272727 0.250000 0.990434
-0.252525 0.250000 0.992150
-0.232323 0.250000 0.989785
-0.212121 0.250000 0.982623
-0.191919 0.250000 0.969750
-0.171717 0.250000 0.950002
-0.151515 0.250000 0.921849
-0.131313 0.250000 0.883203
-0.111111 0.250000 0.831029
-0.090909 0.250000 0.760764
-0.070707 0.250000 0.665641
-0.050505 0.250000 0.535483
-0.030303 0.250000 0.357411
-0.010101 0.250000 0.127692
0.010101 0.250000 -0.127648
0.030303 0.250000 -0.357529
0.050505 0.250000 -0.535401
0.070707 0.250000 -0.665513
0.090909 0.250000 -0.760709
0.111111 0.250000 -0.831193
0.131313 0.250000 -0.883423
0.151515 0.250000 -0.921882
0.171717 0.250000 -0.949804
0.191919 0.250000 -0.969437
0.212121 0.250000 -0.982340
0.232323 0.250000 -0.989631
0.252525 0.250000 -0.992150
0.272727 0.250000 -0.990558
0.292929 0.250000 -0.985395
0.313131 0.250000 -0.977115
0.333333 0.250000 -0.966101
0.353535 0.250000 -0.952676
0.373737 0.250000 -0.937114
0.393939 0.250000 -0.919644
0.414141 0.250000 -0.900459
0.434343 0.250000 -0.879721
0.454545 0.250000 -0.857572
0.474747 0.250000 -0.834136
0.494949 0.250000 -0.809522
0.515152 0.250000 -0.783832
0.535354 0.250000 -0.757158
0.555556 0.250000 -0.729586
0.575758 0.250000 -0.701192
0.595960 0.250000 -0.672042
0.616162 0.250000 -0.642198
0.636364 0.250000 -0.611712
0.656566 0.250000 -0.580632
0.676768 0.250000 -0.549006
0.696970 0.250000 -0.516875
0.717172 0.250000 -0.484285
0.737374 0.250000 -0.451279
0.757576 0.250000 -0.417900
0.777778 0.250000 -0.384187
0.797980 0.250000 -0.350179
0.818182 0.250000 -0.315913
0.838384 0.250000 -0.281420
0.858586 0.250000 -0.246725
0.878788 0.250000 -0.211852
0.898990 0.250000 -0.176817
0.919192 0.250000 -0.141640
0.939394 0.250000 -0.106340
0.959596 0.250000 -0.070943
0.979798 0.250000 -0.035485
1.000000 0.250000 -0.000004
-1.000000 0.500000 0.000011
-0.979798 0.500000 0.024596
-0.959596 0.500000 0.049193
-0.939394 0.500000 0.073794
-0.919192 0.500000 0.098387
-0.898990 0.500000 0.122962
-0.878788 0.500000 0.147510
-0.858586 0.500000 0.172022
-0.838384 0.500000 0.196489
-0.818182 0.500000 0.220902
-0.797980 0.500000 0.245253
-0.777778 0.500000 0.269533
-0.757576 0.500000 0.293738
-0.737374 0.500000 0.317863
-0.717172 0.500000 0.341905
-0.696970 0.500000 0.365859
-0.676768 0.500000 0.389720
-0.656566 0.500000 0.413480
-0.636364 0.500000 0.437130
-0.616162 0.500000 0.460657
-0.595960 0.500000 0.484048
-0.575758 0.500000 0.507290
-0.555556 0.500000 0.530366
-0.535354 0.500000 0.553262
-0.515152 0.500000 0.575963
-0.494949 0.500000 0.598453
-0.474747 0.500000 0.620718
-0.454545 0.500000 0.642742
-0.434343 0.500000 0.664509
-0.414141 0.500000 0.686001
-0.393939 0.500000 0.707199
-0.373737 0.500000 0.728083
-0.353535 0.500000 0.748628
-0.333333 0.500000 0.768805
-0.313131 0.500000 0.788583
-0.292929 0.500000 0.807922
-0.272727 0.500000 0.826780
-0.252525 0.500000 0.845105
-0.232323 0.500000 0.862839
-0.212121 0.500000 0.879912
-0.191919 0.500000 0.896244
-0.171717 0.500000 0.911740
-0.151515 0.500000 0.926288
-0.131313 0.500000 0.939754
-0.111111 0.500000 0.951973
-0.090909 0.500000 0.962738
-0.070707 0.500000 0.971782
-0.050505 0.500000 0.978771
-0.030303 0.500000 0.982923
-0.010101 0.500000 0.899931
0.010101 0.500000 -0.901515
0.030303 0.500000 -0.982974
0.050505 0.500000 -0.978970
0.070707 0.500000 -0.972026
0.090909 0.500000 -0.962965
0.111111 0.500000 -0.952144
0.131313 0.500000 -0.939835
0.151515 0.500000 -0.926281
0.171717 0.500000 -0.911673
0.191919 0.500000 -0.896154
0.212121 0.500000 -0.879829
0.232323 0.500000 -0.862780
0.252525 0.500000 -0.845074
0.272727 0.500000 -0.826770
0.292929 0.500000 -0.807925
0.313131 0.500000 -0.788588
0.333333 0.500000 -0.768806
0.353535 0.500000 -0.748620
0.373737 0.500000 -0.728066
0.393939 0.500000 -0.707173
0.414141 0.500000 -0.685967
0.434343 0.500000 -0.664470
0.454545 0.500000 -0.642700
0.474747 0.500000 -0.620674
0.494949 0.500000 -0.598408
0.515152 0.500000 -0.575919
0.535354 0.500000 -0.553223
0.555556 0.500000 -0.530336
0.575758 0.500000 -0.507275
0.595960 0.500000 -0.484053
0.616162 0.500000 -0.460685
0.636364 0.500000 -0.437180
0.656566 0.500000 -0.413548
0.676768 0.500000 -0.389797
0.696970 0.500000 -0.365936
0.717172 0.500000 -0.341971
0.737374 0.500000 -0.317913
0.757576 0.500000 -0.293769
0.777778 0.500000 -0.269550
0.797980 0.500000 -0.245264
0.818182 0.500000 -0.220918
0.838384 0.500000 -0.196517
0.858586 0.500000 -0.172066
0.878788 0.500000 -0.147570
0.898990 0.500000 -0.123033
0.919192 0.500000 -0.098462
0.939394 0.500000 -0.073864
0.959596 0.500000 -0.049247
0.979798 0.500000 -0.024621
1.000000 0.500000 0.000008
-1.000000 0.750000 0.000032
-0.979798 0.750000 0.018898
-0.959596 0.750000 0.037757
-0.939394 0.750000 0.056610
-0.919192 0.750000 0.075456
-0.898990 0.750000 0.094294
-0.878788 0.750000 0.113124
-0.858586 0.750000 0.131946
-0.838384 0.750000 0.150756
-0.818182 0.750000 0.169554
-0.797980 0.750000 0.188335
-0.777778 0.750000 0.207096
-0.757576 0.750000 0.225830
-0.737374 0.750000 0.244534
-0.717172 0.750000 0.263205
-0.696970 0.750000 0.281840
-0.676768 0.750000 0.300437
-0.656566 0.750000 0.318995
-0.636364 0.750000 0.337515
-0.616162 0.750000 0.355996
-0.595960 0.750000 0.374436
-0.575758 0.750000 0.392834
-0.555556 0.750000 0.411186
-0.535354 0.750000 0.429490
-0.515152 0.750000 0.447739
-0.494949 0.750000 0.465927
-0.474747 0.750000 0.484049
-0.454545 0.750000 0.502099
-0.434343 0.750000 0.520069
-0.414141 0.750000 0.537955
-0.393939 0.750000 0.555751
-0.373737 0.750000 0.573452
-0.353535 0.750000 0.591052
-0.333333 0.750000 0.608548
-0.313131 0.750000 0.625933
-0.292929 0.750000 0.643201
-0.272727 0.750000 0.660345
-0.252525 0.750000 0.677355
-0.232323 0.750000 0.694221
-0.212121 0.750000 0.710932
-0.191919 0.750000 0.727478
-0.171717 0.750000 0.743849
-0.151515 0.750000 0.760035
-0.131313 0.750000 0.776020
-0.111111 0.750000 0.791783
-0.090909 0.750000 0.807308
-0.070707 0.750000 0.822579
-0.050505 0.750000 0.837549
-0.030303 0.750000 0.851805
-0.010101 0.750000 0.764401
0.010101 0.750000 -0.762853
0.030303 0.750000 -0.851757
0.050505 0.750000 -0.837585
0.070707 0.750000 -0.822623
0.090909 0.750000 -0.807383
0.111111 0.750000 -0.791863
0.131313 0.750000 -0.776085
0.151515 0.750000 -0.760077
0.171717 0.750000 -0.743866
0.191919 0.750000 -0.727469
0.212121 0.750000 -0.710904
0.232323 0.750000 -0.694185
0.252525 0.750000 -0.677322
0.272727 0.750000 -0.660324
0.292929 0.750000 -0.643195
0.313131 0.750000 -0.625940
0.333333 0.750000 -0.608563
0.353535 0.750000 -0.591069
0.373737 0.750000 -0.573462
0.393939 0.750000 -0.555750
0.414141 0.750000 -0.537939
0.434343 0.750000 -0.520040
0.454545 0.750000 -0.502059
0.474747 0.750000 -0.484005
0.494949 0.750000 -0.465886
0.515152 0.750000 -0.447707
0.535354 0.750000 -0.429473
0.555556 0.750000 -0.411187
0.575758 0.750000 -0.392851
0.595960 0.750000 -0.374465
0.616162 0.750000 -0.356032
0.636364 0.750000 -0.337551
0.656566 0.750000 -0.319025
0.676768 0.750000 -0.300457
0.696970 0.750000 -0.281849
0.717172 0.750000 -0.263207
0.737374 0.750000 -0.244533
0.757576 0.750000 -0.225831
0.777778 0.750000 -0.207103
0.797980 0.750000 -0.188352
0.818182 0.750000 -0.169578
0.838384 0.750000 -0.150784
0.858586 0.750000 -0.131971
0.878788 0.750000 -0.113142
0.898990 0.750000 -0.094301
0.919192 0.750000 -0.075451
0.939394 0.750000 -0.056595
0.959596 0.750000 -0.037738
0.979798 0.750000 -0.018878
1.000000 0.750000 -0.000017
-1.000000 1.000000 -0.000056
-0.979798 1.000000 0.015289
-0.959596 1.000000 0.030611
-0.939394 1.000000 0.045912
-0.919192 1.000000 0.061198
-0.898990 1.000000 0.076472
-0.878788 1.000000 0.091738
-0.858586 1.000000 0.106998
-0.838384 1.000000 0.122254
-0.818182 1.000000 0.137508
-0.797980 1.000000 0.152761
-0.777778 1.000000 0.168010
-0.757576 1.000000 0.183255
-0.737374 1.000000 0.198491
-0.717172 1.000000 0.213716
-0.696970 1.000000 0.228926
-0.676768 1.000000 0.244119
-0.656566 1.000000 0.259290
-0.636364 1.000000 0.274439
-0.616162 1.000000 0.289565
-0.595960 1.000000 0.304667
-0.575758 1.000000 0.319745
-0.555556 1.000000 0.334803
-0.535354 1.000000 0.349839
-0.515152 1.000000 0.364855
-0.494949 1.000000 0.379851
-0.474747 1.000000 0.394827
-0.454545 1.000000 0.409782
-0.434343 1.000000 0.424713
-0.414141 1.000000 0.439617
-0.393939 1.000000 0.454491
-0.373737 1.000000 0.469329
-0.353535 1.000000 0.484128
-0.333333 1.000000 0.498881
-0.313131 1.000000 0.513588
-0.292929 1.000000 0.528244
-0.272727 1.000000 0.542852
-0.252525 1.000000 0.557412
-0.232323 1.000000 0.571928
-0.212121 1.000000 0.586397
-0.191919 1.000000 0.600812
-0.171717 1.000000 0.615155
-0.151515 1.000000 0.629412
-0.131313 1.000000 0.643587
-0.111111 1.000000 0.657710
-0.090909 1.000000 0.671788
-0.070707 1.000000 0.685781
-0.050505 1.000000 0.699677
-0.030303 1.000000 0.712160
-0.010101 1.000000 0.594454
0.010101 1.000000 -0.598369
0.030303 1.000000 -0.712111
0.050505 1.000000 -0.699659
0.070707 1.000000 -0.685779
0.090909 1.000000 -0.671804
0.111111 1.000000 -0.657744
0.131313 1.000000 -0.643600
0.151515 1.000000 -0.629393
0.171717 1.000000 -0.615131
0.191919 1.000000 -0.600810
0.212121 1.000000 -0.586426
0.232323 1.000000 -0.571976
0.252525 1.000000 -0.557459
0.272727 1.000000 -0.542880
0.292929 1.000000 -0.528244
0.313131 1.000000 -0.513559
0.333333 1.000000 -0.498829
0.353535 1.000000 -0.484060
0.373737 1.000000 -0.469258
0.393939 1.000000 -0.454426
0.414141 1.000000 -0.439567
0.434343 1.000000 -0.424682
0.454545 1.000000 -0.409773
0.474747 1.000000 -0.394840
0.494949 1.000000 -0.379882
0.515152 1.000000 -0.364898
0.535354 1.000000 -0.349887
0.555556 1.000000 -0.334850
0.575758 1.000000 -0.319787
0.595960 1.000000 -0.304698
0.616162 1.000000 -0.289585
0.636364 1.000000 -0.274449
0.656566 1.000000 -0.259294
0.676768 1.000000 -0.244120
0.696970 1.000000 -0.228931
0.717172 1.000000 -0.213728
0.737374 1.000000 -0.198512
0.757576 1.000000 -0.183286
0.777778 1.000000 -0.168048
0.797980 1.000000 -0.152801
0.818182 1.000000 -0.137545
0.838384 1.000000 -0.122281
0.858586 1.000000 -0.107010
0.878788 1.000000 -0.091733
0.898990 1.000000 -0.076453
0.919192 1.000000 -0.061169
0.939394 1.000000 -0.045883
0.959596 1.000000 -0.030595
0.979798 1.000000 -0.015302
1.000000 1.000000 -0.000001
